c dphi dt dx dy dz e event f flagged nSigma_t nSigma_z nSigma_z_origin sigma_t sigma_z sigma_z_origin theta_scatt time_resolution
0.0009107468123861566 0.01504 [50] [0.0158771] [0.0158771] [0.1] 0.9442870632672332 2 0.08925318761384335 1 300.0 1 138    0.0005780000000000001 True
0.0009107468123861566 0.015040000000000001 [50] [0.0158771] [0.0158771] [0.1] 0.9442870632672332 2 0.08925318761384335 1 300.0 1 138    0.0005780000000000001 True
0.001256281407035176 0.001 [50] [0.0158771] [0.0158771] [0.1] 0.19924457034938625 2 0.7349246231155779 1 300.0 1 138    0.0005780000000000001 True
0.015567765567765568 0.01 [50] [0.0158771] [0.0158771] [0.1] 0.9414542020774316 2 0.08699633699633699 1 300.0 1 138    0.0005780000000000001 True
0.0012437810945273634 0.001 [50] [0.0158771] [0.0158771] [0.1] 0.19924457034938625 2 0.7375621890547264 1 600.0 1 138    0.0005780000000000001 False
0.005119453924914676 0.005 [50] [0.0158771] [0.0158771] [0.1] 0.8659112370160529 2 0.2175767918088737 1 600.0 1 138    0.0005780000000000001 False
0.0008635578583765112 0.01 [50] [0.0158771] [0.0158771] [0.1] 0.8961284230406044 2 0.18048359240069084 1 600.0 1 138    0.0005780000000000001 False
0.0 0.001 [50] [0.0158771] [0.0158771] [0.1] 0.02927289896128423 2 0.9096209912536444 1 600.0 1 138    0.0005780000000000001 False
0.0 0.001 [50] [0.0158771] [0.0158771] [0.1] 0.16052880075542966 2 0.7890818858560794 1 600.0 1 138    0.0005780000000000001 False
0.0 0.001 [50] [0.0158771] [0.0158771] [0.1] 0.1964117091595845 2 0.74 1 600.0 1 138    0.0005780000000000001 False
0.0 0.001 [50] [0.0158771] [0.0158771] [0.1] 0.20018885741265344 2 0.7336683417085427 1 600.0 1 150    0.0005780000000000001 False
0.0012422360248447205 0.001 [50] [0.0158771] [0.0158771] [0.1] 0.19924457034938625 2 0.7378881987577641 1 600.0 1 150    0.0005780000000000001 False
0.0 0.001 [50] [0.0158771] [0.0158771] [0.1] 0.19830028328611896 2 0.7365119196988708 1 600.0 1 150    0.0005780000000000001 False
0.002697841726618705 0.02502 [50] [0.0158771] [0.0158771] [0.1] 0.9386213408876298 2 0.10611510791366907 1 600.0 1 150    0.0005780000000000001 False
0.0 0.001 [50] [0.0158771] [0.0158771] [0.1] 0.19830028328611896 2 0.7365119196988708 1 600.0 1 150    0.0005780000000000001 False
0.0018050541516245488 0.01 [50] [0.0158771] [0.0158771] [0.1] 0.9348441926345608 2 0.10649819494584838 1 600.0 1 150    0.0005780000000000001 False
0.0 0.001 [50] [0.0158771] [0.0158771] [0.1] 0.19830028328611896 2 0.7365119196988708 1 200.0 1 150    0.0005780000000000001 False
0.0018050541516245488 0.01 [50] [0.0158771] [0.0158771] [0.1] 0.9348441926345608 2 0.10649819494584838 1 600.0 1 150    0.0005780000000000001 False
0.0 0.001 [50] [0.0158771] [0.0158771] [0.1] 0.1964117091595845 2 0.74 1 600.0 1 150    0.0005780000000000001 False
0.0 0.001 [50] [0.0158771] [0.0158771] [0.1] 0.02927289896128423 2 0.9096209912536444 1 600.0 1 150    0.0005780000000000001 False
0.0 0.02502 [50] [0.0158771] [0.0158771] [0.1] 0.8517469310670444 2 0.20598591549295767 1 600.0 1 150    0.0005780000000000001 False
0.0 0.02502 [50] [0.0158771] [0.0158771] [0.1] 0.8517469310670444 2 0.20598591549295767 1 600.0 1 150    0.0005780000000000001 False
0.0 0.02502 [50] [0.0158771] [0.0158771] [0.1] 0.06610009442870632 2 0.8837209302325582 1 600.0 1 150    0.0005780000000000001 False
0.0 0.02502 [50] [0.0158771] [0.0158771] [0.1] 0.3446647780925401 2 0.7585978835978836 1 600.0 1 150    0.0005780000000000001 False
0.0007194244604316548 0.02502 [50] [0.0158771] [0.0158771] [0.1] 0.8567026194144838 3 0.2 1 600.0 1 150    0.0005780000000000001 False
0.0 0.01 [50] [0.0158771] [0.0158771] [0.1] 0.8574730354391371 3 0.19928057553956835 1 600.0 1 150    0.0005780000000000001 False
0.0 0.01 [50] [0.0158771] [0.0158771] [0.1] 0.8574730354391371 3 0.19928057553956835 1 600.0 1 150    0.0005780000000000001 False
0.0 0.001 [50] [0.0158771] [0.0158771] [0.1] 0.030816640986132512 3 0.9054373522458627 1 600.0 1 150    0.0005780000000000001 False
0.0 0.01 [50] [0.0158771] [0.0158771] [0.1] 0.05701078582434515 3 0.8887218045112782 1 600.0 1 138    0.0005780000000000001 False
0.0 0.0001 [50] [0.0158771] [0.0158771] [0.1] 0.0015408320493066256 3 0.9230769230769232 1 600.0 1 138    0.0005780000000000001 False
0.0 0.001 [50] [0.0158771] [0.0158771] [0.1] 0.20570107858243453 3 0.7207112970711297 1 600.0 1 138    0.0005780000000000001 False
0.004978662873399714 0.005 [50] [0.0158771] [0.0158771] [0.1] 0.8775038520801233 3 0.189900426742532 1 600.0 1 138    0.0005780000000000001 False
0.0036469730123997093 0.02502 [50] [0.0158771] [0.0158771] [0.1] 0.940677966101695 3 0.10940919037199123 1 600.0 1 138    0.0005780000000000001 False
0.0036576444769568397 0.02502 [50] [0.0158771] [0.0158771] [0.1] 0.9429892141756548 3 0.1046086320409656 1 600.0 1 138    0.0005780000000000001 True
0.0007215007215007215 0.02502 [50] [0.0158771] [0.0158771] [0.1] 0.8551617873651772 3 0.1991341991341992 1 600.0 1 138    0.0005780000000000001 True
0.0 0.01602 [50] [0.0158771] [0.0158771] [0.1] 0.7419106317411402 3 0.29963636363636365 1 600.0 1 138    0.0005780000000000001 True
0.0 0.01 [50] [0.0158771] [0.0158771] [0.1] 0.8551617873651772 3 0.20028818443804036 1 600.0 1 138    0.0005780000000000001 False
0.007429420505200594 0.01 [50] [0.0158771] [0.0158771] [0.1] 0.9499229583975347 3 0.08395245170876671 1 600 1 138    0.0005780000000000001 False
