c dphi dt dx dy dz e event f flagged nSigma_t nSigma_z nSigma_z_origin sigma_t sigma_z sigma_z_origin theta_scatt time_resolution
1.0 0.002 1.0 1.0 1.0 1.0 1.0 3.0 1.0 1.0    10.0 1.0 134.10000000000002 0.0005780000000000001 0.0
1.0 0.002 1.0 1.0 1.0 1.0 1.0 3.0 1.0 1.0    10.0 1.0 134.10000000000002 0.0005780000000000001 0.0
1.0 0.002 1.0 1.0 1.0 1.0 1.0 3.0 1.0 1.0    10.0 1.0 134.10000000000002 0.0005780000000000001 0.0
1.0 0.002 1.0 1.0 1.0 1.0 1.0 3.0 1.0 1.0    10.0 1.0 134.10000000000002 0.0005780000000000001 0.0
0.0 0.01 1.0 1.0 1.0 1.0 0.6979969183359014 3.0 0.4525679758308157 1.0    10.0 1.0 134.10000000000002 0.0005780000000000001 0.0
0.0 0.005 1.0 1.0 1.0 1.0 0.6833590138674884 3.0 0.4571603427172583 1.0    10.0 1.0 134.10000000000002 0.0005780000000000001 0.0
0.0 0.001 [50] [0.0158771] [0.0158771] [0.1] 0.1810477657935285 3.0 0.7549530761209593 1.0    10.0 1.0 134.10000000000002 0.0005780000000000001 False
0.0 0.001 [50] [0.0158771] [0.0158771] [0.1] 0.1810477657935285 3.0 0.7549530761209593 1.0    10.0 1.0 134.10000000000002 0.0005780000000000001 False
0.0 0.002 [50] [0.0158771] [0.0158771] [0.1] 0.4214175654853621 3.0 0.6128803963198868 1.0    10.0 1.0 134.10000000000002 0.0005780000000000001 False
0.0 0.004 [50] [0.0158771] [0.0158771] [0.1] 0.652542372881356 3.0 0.4739130434782609 1.0    10.0 1.0 134.10000000000002 0.0005780000000000001 False
0.0 0.005 [50] [0.0158771] [0.0158771] [0.1] 0.6833590138674884 3.0 0.4571603427172583 1.0    10.0 1.0 134.10000000000002 0.0005780000000000001 False
0.0 0.006 [50] [0.0158771] [0.0158771] [0.1] 0.6926040061633282 3.0 0.4504889975550122 1.0    10.0 1.0 134.10000000000002 0.0005780000000000001 False
0.0 0.006999999999999999 [50] [0.0158771] [0.0158771] [0.1] 0.6949152542372882 3.0 0.4516717325227964 1.0    10.0 1.0 134.10000000000002 0.0005780000000000001 False
0.0 0.008 [50] [0.0158771] [0.0158771] [0.1] 0.6979969183359014 3.0 0.4509090909090909 1.0    10.0 1.0 134.10000000000002 0.0005780000000000001 False
0.0 0.009000000000000001 [50] [0.0158771] [0.0158771] [0.1] 0.6987673343605547 3.0 0.4513006654567453 1.0    10.0 1.0 134.10000000000002 0.0005780000000000001 False
0.0 0.01 [50] [0.0158771] [0.0158771] [0.1] 0.6979969183359014 3.0 0.4525679758308157 1.0    10.0 1.0 134.10000000000002 0.0005780000000000001 False
0.0 0.02 [50] [0.0158771] [0.0158771] [0.1] 0.6949152542372882 3.0 0.4566265060240964 1.0    10.0 1.0 134.10000000000002 0.0005780000000000001 False
0.0 0.02 [50] [0.0158771] [0.0158771] [0.1] 0.6949152542372882 3.0 0.4566265060240964 1.0    10.0 1.0 134.10000000000002 0.0005780000000000001 False
0.0 0.02 [50] [0.0158771] [0.0158771] [0.1] 0.6741140215716487 3.0 0.4527829893683552 1.0    10.0 1.0 134.10000000000002 0.0005780000000000001 False
0.0 0.002 [50] [0.0158771] [0.0158771] [0.1] 0.4013867488443761 3.0 0.6230101302460203 1.0    10.0 1.0 134.10000000000002 0.0005780000000000001 False
0.0 0.002 [50] [0.0158771] [0.0158771] [0.1] 0.4013867488443761 3.0 0.6230101302460203 1.0    10.0 1.0 134.10000000000002 0.0005780000000000001 False
0.0 0.001 [50] [0.0158771] [0.0158771] [0.1] 0.18412942989214176 3.0 0.7430107526881721 1.0    10.0 1.0 134.10000000000002 0.0005780000000000001 False
0.0 0.001 [50] [0.0158771] [0.0158771] [0.1] 0.18412942989214176 3.0 0.7430107526881721 1.0    10.0 1.0 134.10000000000002 0.0005780000000000001 False
0.0 0.001 [50] [0.0158771] [0.0158771] [0.1] 0.07858243451463791 3.0 0.8697318007662835 1.0    10.0 1.0 150.0 0.0005780000000000001 False
0.0 0.0001 [50] [0.0158771] [0.0158771] [0.1] 0.0015408320493066256 3.0 0.8947368421052632 1.0    10.0 1.0 150.0 0.0005780000000000001 False
0.0 0.0001 [50] [0.0158771] [0.0158771] [0.1] 0.0015408320493066256 3.0 0.8947368421052632 1.0    10.0 1.0 150.0 0.0005780000000000001 False
0.0 0.0001 [50] [0.0158771] [0.0158771] [0.1] 0.0015408320493066256 3.0 0.8947368421052632 1.0    10.0 1.0 150.0 0.0005780000000000001 False
0.0 0.001 [50] [0.0158771] [0.0158771] [0.1] 0.07554296506137866 2.0 0.877488514548239 1.0    10.0 1.0 150.0 0.0005780000000000001 False
0.0 0.001 [50] [0.0158771] [0.0158771] [0.1] 0.07554296506137866 2.0 0.8780487804878049 1.0    10.0 1.0 300.0 0.0005780000000000001 False
0.0 0.001 [50] [0.0158771] [0.0158771] [0.1] 0.1964117091595845 2.0 0.74 1.0 300.0  150.0  1.0  0.0005780000000000001 False
0.0 0.001 [50] [0.0158771] [0.0158771] [0.1] 0.02927289896128423 2.0 0.9096209912536444 1.0 300.0  150.0  1.0  0.0005780000000000001 False
0.021164021164021163 0.01 [50] [0.0158771] [0.0158771] [0.1] 0.9206798866855525 2.0 0.1402116402116402 1.0 300.0  150.0  1.0  0.0005780000000000001 False
0.021164021164021163 0.01 [50] [0.0158771] [0.0158771] [0.1] 0.9206798866855525 2.0 0.1402116402116402 1.0 300.0  150.0  1.0  0.0005780000000000001 False
0.021164021164021163 0.01 [50] [0.0158771] [0.0158771] [0.1] 0.9206798866855525 2.0 0.1402116402116402 1.0 300.0  150.0  1.0  0.0005780000000000001 False
0.021164021164021163 0.01 [50] [0.0158771] [0.0158771] [0.1] 0.9206798866855525 2.0 0.1402116402116402 1.0 300.0  150.0  1.0  0.0005780000000000001 False
0.0 0.01 [50] [0.0158771] [0.0158771] [0.1] 0.6912181303116147 2.0 0.4668608885651857 1.0 300.0  150.0  1.0  0.0005780000000000001 False
0.0 0.0002 [50] [0.0158771] [0.0158771] [0.1] 0.009442870632672332 2.0 0.8717948717948718 1.0 300.0  150.0  1.0  0.0005780000000000001 False
0.0 0.005 [50] [0.0158771] [0.0158771] [0.1] 0.6657223796033994 2.0 0.4793205317577548 1.0 300.0  150.0  1.0  0.0005780000000000001 False
0.0 0.005 [50] [0.0158771] [0.0158771] [0.1] 0.6647780925401322 2.0 0.4796747967479675 1.0 300.0  138.0  1.0  0.0005780000000000001 False
0.005119453924914676 0.005 [50] [0.0158771] [0.0158771] [0.1] 0.8659112370160529 2.0 0.2175767918088737 1.0 300.0  138.0  1.0  0.0005780000000000001 False
0.0 0.0051400000000000005 [50] [0.0158771] [0.0158771] [0.1] 0.6326723323890463 2.0 0.3936651583710407 1.0 300.0  138.0  1.0  0.0005780000000000001 False
0.0 0.01504 [50] [0.0158771] [0.0158771] [0.1] 0.8508026440037771 2.0 0.2068661971830986 1.0 300.0  138.0  1.0  0.0005780000000000001 False
0.0 0.015040000000000001 [50] [0.0158771] [0.0158771] [0.1] 0.6902738432483475 2.0 0.46875 1.0 300.0 1.0 138.0    0.0005780000000000001 False
0.002697841726618705 0.01504 [50] [0.0158771] [0.0158771] [0.1] 0.9386213408876298 2.0 0.10611510791366907 1.0 300.0 1.0 138.0    0.0005780000000000001 False
0.0009107468123861566 0.015040000000000001 [50] [0.0158771] [0.0158771] [0.1] 0.9442870632672332 2.0 0.08925318761384335 1.0 300.0 1.0 138.0    0.0005780000000000001 True
0.0 0.01504 [50] [0.0158771] [0.0158771] [0.1] 0.06893295561850803 2.0 0.7820895522388059 1.0 30.0 1.0 138.0    0.0005780000000000001 True
0.0009107468123861566 0.015040000000000001 [50] [0.0158771] [0.0158771] [0.1] 0.9442870632672332 2 0.08925318761384335 1 300 1 138    0.0005780000000000001 True
